0000000000000000
0000000000000000
0000000000000000
0000000011100000
0000011111111100
0000111111111100
0001110000000100
0011100000000000
0011000000000000
0111000000000000
0110000000000000
0110000000000000
0110001111110000
1110111111111000
1111111111111100
1111100000011110
1111000000001110
1110000000000110
1110000000000111
0110000000000111
0110000000000111
0111000000000110
0011000000001110
0011110000011100
0001111111111000
0000111111110000
0000000111000000
0000000000000000
0000000000000000
0000000000000000