0000000000000000
0000000000000000
0000000000000000
0000001110000000
0001111111110000
0011111001111000
0011100000011100
0111000000001100
0110000000001110
0110000000001110
0110000000001110
0111000000001100
0011100000011100
0001111111111000
0001111111111000
0011110000111100
0111000000001110
0110000000001110
0110000000000110
1110000000000111
1110000000000111
0110000000000110
0111000000001110
0111100000011110
0011111001111100
0001111111111000
0000001111000000
0000000000000000
0000000000000000
0000000000000000