00000000000000000
00000000000000000
00000000000000000
00000001110000000
00001111111110000
00011111111111000
00111100000111100
00111000000011100
01110000000001110
01110000000001110
01110000000001110
01100000000000110
11100000000000111
11100000000000111
11100000000000111
11100000000000111
11100000000000111
11100000000000111
01100000000000110
01110000000001110
01110000000001110
01110000000001110
00111000000011100
00111100000111100
00011111111111000
00001111111110000
00000001110000000
00000000000000000
00000000000000000
00000000000000000