0000000000000000
0000000000000000
0000000000000000
0000000000011000
0000000000111000
0000000001111000
0000000001111000
0000000011011000
0000000111011000
0000000110011000
0000001110011000
0000001100011000
0000011000011000
0000111000011000
0000110000011000
0001110000011000
0011100000011000
0011000000011000
0111000000011000
0110000000011000
1111111111111111
1111111111111111
0000000000011000
0000000000011000
0000000000011000
0000000000011000
0000000000000000
0000000000000000
0000000000000000
0000000000000000